0.0 0.0
0.2 0.021572978618824106
0.4 0.04280216657594209
0.6000000000000001 0.06369167290126
0.8 0.08424556296988357
1.0 0.10446785893692472
1.2000000000000002 0.12436254016815045
1.4000000000000001 0.143933543666513
1.6 0.1631847644945995
1.8 0.1821200561930389
2.0 0.20074323119490384
2.2 0.21905806123614513
2.4000000000000004 0.2370682777620951
2.6 0.2547775723300766
2.8000000000000003 0.27218959700815465
3.0 0.28930796477006515
3.2 0.306136249886358
3.4000000000000004 0.3226779883117882
3.6 0.3389366780689912
3.8000000000000003 0.3549157796284767
4.0 0.37061871628497467
4.2 0.3860488745301686
4.4 0.40120960442184844
4.6000000000000005 0.416104219949518
4.800000000000001 0.4307359993964889
5.0 0.4451081856984936
5.2 0.4592239867988517
5.4 0.4730865760002189
5.6000000000000005 0.4866990923129542
5.800000000000001 0.5000646408001321
6.0 0.5131862929192365
6.2 0.526067086860563
6.4 0.5387100278823624
6.6000000000000005 0.5511180886427558
6.800000000000001 0.5632942095284508
7.0 0.5752412989802886
7.2 0.586962233815653
7.4 0.5984598595477693
7.6000000000000005 0.6097369907019213
7.800000000000001 0.6207964111286197
8.0 0.6316408743137432
8.200000000000001 0.6422731036856884
8.4 0.6526957929195494
8.6 0.6629116062383617
8.8 0.6729231787114314
9.0 0.6827331165497825
9.200000000000001 0.6923439973987449
9.4 0.7017583706277136
9.600000000000001 0.7109787576171027
9.8 0.7200076520425224
10.0 0.7288475201562036
10.200000000000001 0.7375008010656979
10.4 0.7459699070098756
10.600000000000001 0.7542572236322509
10.8 0.7623651102516547
11.0 0.7702959001302846
11.200000000000001 0.778051900739154
11.4 0.7856353940209647
11.600000000000001 0.793048636650428
11.8 0.8002938602920591
12.0 0.8073732718554655
12.200000000000001 0.8142890537481575
12.4 0.8210433641258993
12.600000000000001 0.8276383371406274
12.8 0.834076083185958
13.0 0.8403586891403046
13.200000000000001 0.8464882186076311
13.4 0.852466712155861
13.600000000000001 0.858296187552964
13.8 0.863978640000744
14.0 0.8695160423663483
14.200000000000001 0.8749103454115201
14.4 0.8801634780196169
14.600000000000001 0.8852773474204123
14.8 0.8902538394127063
15.0 0.8950948185847621
15.200000000000001 0.8998021285325914
15.4 0.9043775920761055
15.600000000000001 0.9088230114731577
15.8 0.9131401686314915
16.0 0.9173308253186176
16.2 0.9213967233696382
16.400000000000002 0.925339584893037
16.6 0.9291611124744578
16.8 0.9328629893784851
17.0 0.9364468797484508
17.2 0.9399144288042821
17.400000000000002 0.9432672630384116
17.6 0.9465069904097653
17.8 0.9496352005358497
18.0 0.9526534648829545
18.2 0.9555633369544868
18.400000000000002 0.958366352477458
18.6 0.9610640295871398
18.8 0.9636578690099039
19.0 0.9661493542442676
19.200000000000003 0.9685399517401571
19.400000000000002 0.9708311110764092
19.6 0.9730242651365266
19.8 0.9751208302827032
20.0 0.977122206528136
20.200000000000003 0.9790297777076398
20.400000000000002 0.980844911646582
20.6 0.9825689603281516
20.8 0.9842032600589786
21.0 0.9857491316331206
21.200000000000003 0.9872078804944312
21.400000000000002 0.988580796897326
21.6 0.9898691560659606
21.8 0.9910742183518365
22.0 0.9921972293898507
22.200000000000003 0.9932394202528001
22.400000000000002 0.9942020076043621
22.6 0.9950861938505569
22.8 0.9958931672897161
23.0 0.9966241022609618
23.200000000000003 0.9972801592912189
23.400000000000002 0.9978624852407689
23.6 0.998372213447361
23.8 0.9988104638688959
24.0 0.9991783432246927
24.200000000000003 0.9994769451353546
24.400000000000002 0.9997073502612467
24.6 0.9998706264395972
24.8 0.9999678288202393
25.0 1.0
25.200000000000003 0.9999681701557571
25.400000000000002 0.9998733571761698
25.6 0.9997165667920991
25.8 0.9994987927057319
26.0 0.9992210167184161
26.200000000000003 0.998884208857225
26.400000000000002 0.9984893275002584
26.6 0.9980373195006962
26.8 0.9975291203096125
27.0 0.9969656540975667
27.200000000000003 0.9963478338749783
27.400000000000002 0.9956765616113019
27.6 0.9949527283530101
27.8 0.9941772143403973
28.0 0.9933508891232163
28.200000000000003 0.9924746116751582
28.400000000000002 0.9915492305071851
28.6 0.9905755837797305
28.8 0.9895544994137742
29.0 0.9884867952008052
29.200000000000003 0.9873732789116814
29.400000000000002 0.9862147484043989
29.6 0.9850119917307792
29.8 0.9837657872420854
30.0 0.9824769036935783
30.200000000000003 0.9811461003480223
30.400000000000002 0.9797741270781513
30.6 0.978361724468103
30.8 0.9769096239138343
31.0 0.9754185477225263
31.200000000000003 0.9738892092109868
31.400000000000002 0.972322312803064
31.6 0.9707185541260765
31.8 0.9690786201062734
32.0 0.9674031890633287
32.2 0.9656929308038852
32.4 0.9639485067141528
32.6 0.9621705698515709
32.800000000000004 0.9603597650355461
33.0 0.9585167289372719
33.2 0.9566420901686401
33.4 0.9547364693702527
33.6 0.9528004792985424
33.800000000000004 0.9508347249120128
34.0 0.9488398034566022
34.2 0.9468163045501832
34.4 0.9447648102662063
34.6 0.9426858952164932
34.800000000000004 0.9405801266331915
35.0 0.938448064449895
35.2 0.9362902613819418
35.4 0.934107263005895
35.6 0.9318996078382146
35.800000000000004 0.929667827413131
36.0 0.9274124463597236
36.2 0.9251339824782147
36.4 0.9228329468154874
36.6 0.920509843739832
36.800000000000004 0.918165171014931
37.0 0.9157994198730884
37.2 0.9134130750877116
37.4 0.9110066150450536
37.6 0.9085805118152205
37.800000000000004 0.906135231222454
38.0 0.9036712329146954
38.2 0.9011889704324354
38.400000000000006 0.8986888912768617
38.6 0.8961714369773063
38.800000000000004 0.8936370431580009
39.0 0.8910861396041512
39.2 0.8885191503273283
39.400000000000006 0.8859364936301921
39.6 0.8833385821705492
39.800000000000004 0.8807258230247511
40.0 0.8780986177504423
40.2 0.8754573624486611
40.400000000000006 0.8728024478253028
40.6 0.8701342592519485
40.800000000000004 0.8674531768260677
41.0 0.8647595754305998
41.2 0.8620538247929214
41.400000000000006 0.8593362895432052
41.6 0.8566073292721753
41.800000000000004 0.853867298588266
42.0 0.8511165471741906
42.2 0.8483554198429231
42.400000000000006 0.8455842565931032
42.6 0.8428033926638652
42.800000000000004 0.840013158589099
43.0 0.8372138802511513
43.2 0.8344058789339649
43.400000000000006 0.8315894713756719
43.6 0.828764969820636
43.800000000000004 0.8259326820709573
44.0 0.8230929115374402
44.2 0.8202459572900315
44.400000000000006 0.8173921141077323
44.6 0.8145316725279935
44.800000000000004 0.8116649188955913
45.0 0.8087921354109988
45.2 0.8059136001782481
45.400000000000006 0.8030295872522958
45.6 0.8001403666858933
45.800000000000004 0.7972462045759654
46.0 0.7943473631095066
46.2 0.7914441006089951
46.400000000000006 0.7885366715773319
46.6 0.7856253267423104
46.800000000000004 0.7827103131006169
47.0 0.7797918739613731
47.2 0.776870248989218
47.400000000000006 0.7739456742469414
47.6 0.7710183822376653
47.800000000000004 0.7680886019465845
48.0 0.7651565588822672
48.2 0.7622224751175204
48.400000000000006 0.7592865693298256
48.6 0.7563490568413475
48.800000000000004 0.7534101496585206
49.0 0.7504700565112197
49.2 0.7475289828915131
49.400000000000006 0.7445871310920116
49.6 0.7416447002438056
49.800000000000004 0.7387018863540057
50.0 0.7357588823428847
50.2 0.7328158780806234
50.400000000000006 0.7298730604236707
50.6 0.7269306132507148
50.800000000000004 0.7239887174982748
51.0 0.7210475511959116
51.2 0.7181072895010672
51.400000000000006 0.7151681047335318
51.6 0.7122301664095441
51.800000000000004 0.7092936412755287
52.0 0.7063586933414734
52.2 0.7034254839139511
52.400000000000006 0.7004941716287887
52.6 0.6975649124833869
52.800000000000004 0.6946378598686951
53.0 0.6917131646008438
53.2 0.6887909749524381
53.400000000000006 0.6858714366835176
53.6 0.6829546930721815
53.800000000000004 0.680040884944888
54.0 0.6771301507064275
54.2 0.6742226263695721
54.400000000000006 0.6713184455844096
54.6 0.6684177396673591
54.800000000000004 0.6655206376298755
55.0 0.6626272662068445
55.2 0.6597377498846715
55.400000000000006 0.6568522109290671
55.6 0.6539707694125326
55.800000000000004 0.6510935432415496
56.0 0.6482206481834734
56.2 0.6453521978931372
56.400000000000006 0.6424883039391679
56.6 0.639629075830015
56.800000000000004 0.6367746210396997
57.0 0.6339250450332827
57.2 0.6310804512920549
57.400000000000006 0.6282409413384569
57.6 0.6254066147607237
57.800000000000004 0.6225775692372643
58.0 0.6197539005607728
58.2 0.6169357026620786
58.400000000000006 0.614123067633736
58.6 0.6113160857533539
58.800000000000004 0.6085148455066733
59.0 0.6057194336103919
59.2 0.6029299350347351
59.400000000000006 0.6001464330257859
59.6 0.5973690091275632
59.800000000000004 0.5945977432038625
60.0 0.5918327134598556
60.2 0.5890739964634499
60.400000000000006 0.586321667166417
60.6 0.5835757989252855
60.800000000000004 0.5808364635220038
61.0 0.5781037311843771
61.2 0.5753776706062749
61.400000000000006 0.5726583489676186
61.6 0.569945831954147
61.800000000000004 0.5672401837769613
62.0 0.5645414671918556
62.2 0.561849743518432
62.400000000000006 0.5591650726590032
62.6 0.5564875131172868
62.800000000000004 0.553817122016888
63.0 0.5511539551195812
63.2 0.5484980668433842
63.400000000000006 0.5458495102804326
63.6 0.5432083372146544
63.800000000000004 0.5405745981392468
64.0 0.5379483422739577
64.2 0.5353296175821738
64.4 0.5327184707878173
64.60000000000001 0.5301149473920529
64.8 0.5275190916898076
65.0 0.524930946786104
65.2 0.5223505546122114
65.4 0.5197779559416132
65.60000000000001 0.5172131904057963
65.8 0.5146562965098611
66.0 0.5121073116479546
66.2 0.5095662721185318
66.4 0.5070332131394414
66.60000000000001 0.5045081688628421
66.8 0.5019911723899504
67.0 0.49948225578561867
67.2 0.49698145009275113
67.4 0.49448878534655266
67.60000000000001 0.4920042905886172
67.8 0.4895279938808552
68.0 0.48705992231926154
68.2 0.4846001020475281
68.4 0.48214855827049835
68.60000000000001 0.4797053152674697
68.8 0.4772703964053427
69.0 0.4748438241516195
69.2 0.4724256200872536
69.4 0.4700158049193516
69.60000000000001 0.46761439849372816
69.8 0.46522141980731796
70.0 0.46283688702044234
70.2 0.4604608174689368
70.4 0.45809322767613664
70.60000000000001 0.45573413336472424
70.8 0.45338354946843973
71.0 0.4510414901436548
71.2 0.44870796878081365
71.4 0.4463829980157401
71.60000000000001 0.4440665897408122
71.8 0.441758755116009
72.0 0.4394595045798256
72.2 0.43716884786006394
72.4 0.43488679398449454
72.60000000000001 0.4326133512913955
72.8 0.4303485274399668
73.0 0.4280923294206224
73.2 0.4258447635651627
73.4 0.4236058355568259
73.60000000000001 0.42137555044022207
73.8 0.4191539126311491
74.0 0.4169409259262932
74.2 0.4147365935128155
74.4 0.4125409179778239
74.60000000000001 0.41035390131773364
74.8 0.40817554494751623
75.0 0.4060058497098381
75.2 0.40384481588409243
75.4 0.40169244319532094
75.60000000000001 0.39954873082303083
75.8 0.3974136774099064
76.0 0.3952872810704148
76.2 0.3931695393993111
76.4 0.39106044948004
76.60000000000001 0.38896000789303636
76.80000000000001 0.3868682107239273
77.0 0.38478505357163384
77.2 0.38271053155637574
77.4 0.3806446393275802
77.60000000000001 0.3785873710716936
77.80000000000001 0.3765387205199
78.0 0.374498680955745
78.2 0.372467245222667
78.4 0.37044440573143816
78.60000000000001 0.36843015446751326
78.80000000000001 0.36642448299828934
79.0 0.36442738248027756
79.2 0.36243884366618523
79.4 0.3604588569119137
79.60000000000001 0.3584874121834683
79.80000000000001 0.35652449906378414
80.0 0.35457010675946843
80.2 0.35262422410745786
80.4 0.3506868395815965
80.60000000000001 0.3487579412991298
80.80000000000001 0.3468375170271195
81.0 0.3449255541887791
81.2 0.3430220398697291
81.4 0.34112696082417676
81.60000000000001 0.33924030348101636
81.80000000000001 0.33736205394985513
82.0 0.3354921980269629
82.2 0.3336307212011471
82.4 0.331777608659555
82.60000000000001 0.3299328452934017
82.80000000000001 0.328096415703627
83.0 0.3262683042064803
83.2 0.3244484948390352
83.4 0.3226369713646346
83.60000000000001 0.32083371727826604
83.80000000000001 0.31903871581186916
84.0 0.3172519499395759
84.2 0.31547340238288285
84.4 0.31370305561575934
84.60000000000001 0.3119408918696883
84.80000000000001 0.3101868931386434
85.0 0.3084410411840025
85.2 0.30670331753939706
85.4 0.3049737035154999
85.60000000000001 0.30325218020475087
85.80000000000001 0.30153872848602076
86.0 0.29983332902921567
86.2 0.2981359622998205
86.4 0.2964466085633847
86.60000000000001 0.29476524788994846
86.80000000000001 0.29309186015841077
87.0 0.29142642506084193
87.2 0.28976892210673705
87.4 0.288119330627216
87.60000000000001 0.2864776297791668
87.80000000000001 0.28484379854933406
88.0 0.2832178157583542
88.2 0.28159966006473613
88.4 0.2799893099687905
88.60000000000001 0.2783867438165049
88.80000000000001 0.276791939803369
89.0 0.2752048759781471
89.2 0.27362553024660063
89.4 0.27205388037516154
89.60000000000001 0.27048990399455475
89.80000000000001 0.2689335786033729
90.0 0.26738488157160195
90.2 0.26584379014409915
90.4 0.26431028144402424
90.60000000000001 0.2627843324762236
90.80000000000001 0.26126592013056815
91.0 0.25975502118524524
91.2 0.2582516123100059
91.4 0.2567556700693675
91.60000000000001 0.2552671709257719
91.80000000000001 0.25378609124269974
92.0 0.25231240728774273
92.2 0.25084609523563123
92.4 0.249387131171222
92.60000000000001 0.2479354910924426
92.80000000000001 0.24649115091319496
93.0 0.24505408646621898
93.2 0.2436242735059142
93.4 0.2422016877111235
93.60000000000001 0.24078630468787607
93.80000000000001 0.2393780999720921
94.0 0.23797704903224914
94.2 0.23658312727200903
94.4 0.2351963100328098
94.60000000000001 0.2338165725964179
94.80000000000001 0.232443890187445
95.0 0.2310782379758283
95.2 0.2297195910792745
95.4 0.22836792456566923
95.60000000000001 0.22702321345545015
95.80000000000001 0.2256854327239463
96.0 0.22435455730368317
96.2 0.22303056208665295
96.4 0.22171342192655297
96.60000000000001 0.22040311164098933
96.80000000000001 0.21909960601364895
97.0 0.21780287979643884
97.2 0.21651290771159354
97.4 0.21522966445375102
97.60000000000001 0.21395312469199756
97.80000000000001 0.21268326307188126
98.0 0.2114200542173956
98.2 0.21016347273293248
98.4 0.20891349320520614
98.60000000000001 0.20767009020514698
98.80000000000001 0.20643323828976665
99.0 0.2052029120039943
99.2 0.20397908588248448
99.4 0.2027617344513971
99.60000000000001 0.20155083223014997
99.80000000000001 0.20034635373314286
100.0 0.19914827347145578
100.2 0.19795656595451963
100.4 0.1967712056917612
100.60000000000001 0.19559216719422126
100.80000000000001 0.19441942497614748
101.0 0.1932529535565614
101.2 0.19209272746080075
101.4 0.1909387212220363
101.60000000000001 0.18979090938276466
101.80000000000001 0.18864926649627636
102.0 0.18751376712810036
102.2 0.1863843858574244
102.4 0.18526109727849235
102.60000000000001 0.18414387600197815
102.80000000000001 0.1830326966563372
103.0 0.1819275338891346
103.2 0.18082836236835179
103.4 0.17973515678367072
103.60000000000001 0.17864789184773633
103.80000000000001 0.1775665422973976
104.0 0.17649108289492738
104.2 0.17542148842922103
104.4 0.1743577337169748
104.60000000000001 0.17329979360384318
104.80000000000001 0.17224764296557643
105.0 0.1712012567091381
105.2 0.1701606097738025
105.4 0.16912567713223337
105.60000000000001 0.1680964337915425
105.80000000000001 0.1670728547943299
106.0 0.16605491521970517
106.2 0.1650425901842901
106.4 0.1640358548432031
106.60000000000001 0.16303468439102567
106.80000000000001 0.16203905406275088
107.0 0.16104893913471413
107.2 0.16006431492550693
107.4 0.15908515679687293
107.60000000000001 0.15811144015458745
107.80000000000001 0.15714314044932007
108.0 0.1561802331774805
108.2 0.1552226938820486
108.4 0.15427049815338773
108.60000000000001 0.15332362163004248
108.80000000000001 0.1523820399995208
109.0 0.1514457289990601
109.2 0.15051466441637862
109.4 0.14958882209041138
109.60000000000001 0.1486681779120311
109.80000000000001 0.14775270782475466
110.0 0.1468423878254347
110.2 0.1459371939649372
110.4 0.1450371023488045
110.60000000000001 0.14414208913790452
110.80000000000001 0.14325213054906635
111.0 0.14236720285570176
111.2 0.14148728238841363
111.4 0.1406123455355909
111.60000000000001 0.13974236874399046
111.80000000000001 0.13887732851930612
112.0 0.13801720142672477
112.2 0.13716196409147002
112.4 0.13631159319933317
112.60000000000001 0.13546606549719226
112.80000000000001 0.13462535779351859
113.0 0.13378944695887188
113.2 0.13295830992638255
113.4 0.13213192369222404
113.60000000000001 0.13131026531607196
113.80000000000001 0.13049331192155275
114.0 0.1296810406966814
114.2 0.12887342889428696
114.4 0.1280704538324292
114.60000000000001 0.12727209289480226
114.80000000000001 0.12647832353112923
115.0 0.1256891232575458
115.2 0.12490446965697333
115.4 0.1241243403794827
115.60000000000001 0.12334871314264677
115.80000000000001 0.12257756573188405
116.0 0.12181087600079218
116.2 0.12104862187147156
116.4 0.12029078133484013
116.60000000000001 0.1195373324509384
116.80000000000001 0.11878825334922494
117.0 0.1180435222288634
117.2 0.1173031173589999
117.4 0.11656701707903235
117.60000000000001 0.11583519979887053
117.80000000000001 0.11510764399918733
118.0 0.1143843282316621
118.2 0.11366523111921509
118.4 0.11295033135623421
118.60000000000001 0.11223960770879335
118.80000000000001 0.11153303901486238
119.0 0.11083060418450977
119.2 0.11013228220009699
119.4 0.10943805211646582
119.60000000000001 0.10874789306111735
119.80000000000001 0.10806178423438421
120.0 0.10737970490959488
120.2 0.10670163443323076
120.4 0.10602755222507698
120.60000000000001 0.10535743777836491
120.80000000000001 0.10469127065990891
121.0 0.10402903051023522
121.2 0.10337069704370457
121.4 0.10271625004862855
121.60000000000001 0.1020656693873788
121.80000000000001 0.1014189349964902
122.0 0.10077602688675733
122.2 0.1001369251433248
122.4 0.09950160992577199
122.60000000000001 0.09887006146819077
122.80000000000001 0.09824226007925796
123.0 0.09761818614230182
123.2 0.09699782011536205
123.4 0.0963811425312453
123.60000000000001 0.09576813399757399
123.80000000000001 0.0951587751968301
124.0 0.09455304688639372
124.2 0.09395092989857524
124.4 0.09335240514064375
124.60000000000001 0.09275745359484894
124.80000000000001 0.09216605631843854
125.0 0.0915781944436709
125.2 0.09099384917782155
125.4 0.09041300180318637
125.60000000000001 0.08983563367707885
125.80000000000001 0.08926172623182306
126.0 0.0886912609747419
126.2 0.0881242194881408
126.4 0.0875605834292868
126.60000000000001 0.08700033453038343
126.80000000000001 0.08644345459854103
127.0 0.08588992551574282
127.2 0.0853397292388068
127.4 0.0847928477993436
127.60000000000001 0.08424926330370995
127.80000000000001 0.08370895793295847
128.0 0.08317191394278334
128.20000000000002 0.08263811366346208
128.4 0.08210753949979385
128.6 0.08158017393103315
128.8 0.08105599951082093
129.0 0.08053499886711141
129.20000000000002 0.0800171547020953
129.4 0.07950244979212018
129.6 0.07899086698760624
129.8 0.07848238921296007
130.0 0.07797699946648406
130.20000000000002 0.07747468082028303
130.4 0.07697541642016767
130.6 0.07647918948555432
130.8 0.0759859833093625
131.0 0.07549578125790872
131.20000000000002 0.07500856677079751
131.4 0.07452432336080993
131.6 0.07404303461378826
131.8 0.07356468418851879
132.0 0.07308925581661177
132.20000000000002 0.07261673330237789
132.4 0.07214710052270287
132.6 0.07168034142691918
132.8 0.07121644003667489
133.0 0.07075538044580085
133.20000000000002 0.0702971468201743
133.4 0.06984172339758088
133.6 0.069389094487574
133.8 0.06893924447133166
134.0 0.06849215780151167
134.20000000000002 0.06804781900210376
134.4 0.06760621266828003
134.6 0.06716732346624334
134.8 0.06673113613307305
135.0 0.06629763547656956
135.20000000000002 0.06586680637509591
135.4 0.06543863377741803
135.6 0.06501310270254286
135.8 0.06459019823955439
136.0 0.0641699055474485
136.20000000000002 0.06375220985496505
136.4 0.06333709646041895
136.6 0.0629245507315292
136.8 0.06251455810524607
137.0 0.06210710408757729
137.20000000000002 0.06170217425341165
137.4 0.0612997542463418
137.6 0.06089982977848521
137.8 0.060502386630303426
138.0 0.060107410650420565
138.20000000000002 0.059714887755439185
138.4 0.059324803929756094
138.6 0.05893714522537576
138.8 0.05855189776172269
139.0 0.058169047725453026
139.20000000000002 0.05778858137026377
139.4 0.0574104850167021
139.6 0.057034745051972306
139.8 0.05666134792974208
140.0 0.056290280169948075
140.20000000000002 0.055921528358599176
140.4 0.05555507914758016
140.6 0.05519091925445299
140.8 0.054829035462257814
141.0 0.05446941461931306
141.20000000000002 0.054112043639013785
141.4 0.053756909499630176
141.6 0.05340399924410416
141.8 0.053053299979845564
142.0 0.05270479887852774
142.20000000000002 0.05235848317588148
142.4 0.05201434017148919
142.6 0.051672357228577395
142.8 0.051332521773808835
143.0 0.05099482129707424
143.20000000000002 0.05065924335128242
143.4 0.050325775552150856
143.6 0.04999440557799463
143.8 0.04966512116951521
144.0 0.049337910129588824
144.20000000000002 0.049012760323053545
144.4 0.04868965967649676
144.6 0.04836859617804106
144.8 0.04804955787713054
145.0 0.04773253288431617
145.20000000000002 0.04741750937104042
145.4 0.04710447556942221
145.6 0.0467934197720405
145.8 0.046484330331718254
146.0 0.046177195661305695
146.20000000000002 0.04587200423346285
146.4 0.04556874458044254
146.6 0.04526740529387218
146.8 0.044967975024535874
147.0 0.04467044248215609
147.20000000000002 0.044374796435174634
147.4 0.044081025710534155
147.6 0.043789119193458535
147.8 0.04349906582723378
148.0 0.04321085461298841
148.20000000000002 0.04292447460947338
148.4 0.04263991493284257
148.6 0.04235716475643217
148.8 0.04207621331054081
149.0 0.04179704988220913
149.20000000000002 0.041519663814999025
149.4 0.04124404450877351
149.6 0.04097018141947568
149.8 0.04069806405890823
150.0 0.0404276819945128
150.20000000000002 0.04015902484914885
150.4 0.03989208230087334
150.6 0.0396268440827195
150.8 0.03936329998247639
151.0 0.03910143984246801
151.20000000000002 0.03884125355933257
151.4 0.03858273108380204
151.6 0.038325862420481235
151.8 0.03807063762762764
152.0 0.03781704681693084
152.20000000000002 0.03756508015329223
152.4 0.037314727854604955
152.6 0.037065980191533635
152.8 0.03681882748729466
153.0 0.03657326011743637
153.20000000000002 0.03632926850961942
153.4 0.036086843143397516
153.60000000000002 0.03584597454999791
153.8 0.03560665331210275
154.0 0.03536887006362988
154.20000000000002 0.03513261548951455
154.4 0.03489788032549096
154.60000000000002 0.03466465535787397
154.8 0.034432931423341535
155.0 0.034202699408716786
155.20000000000002 0.03397395025075088
155.4 0.03374667493590598
155.60000000000002 0.033520864500138206
155.8 0.033296510028681545
156.0 0.03307360265583131
156.20000000000002 0.03285213356472854
156.4 0.032632093987144464
156.60000000000002 0.03241347520326509
156.8 0.032196268541476676
157.0 0.03198046537815092
157.20000000000002 0.03176605713743103
157.4 0.03155303529101787
157.60000000000002 0.03134139135795653
157.8 0.031131116904423443
158.0 0.03092220354351349
158.20000000000002 0.03071464293502803
158.4 0.030508426785262936
158.60000000000002 0.03030354684679717
158.8 0.030099994918281886
159.0 0.029897762844229635
159.20000000000002 0.02969684251480445
159.4 0.02949722586561199
159.60000000000002 0.029298904877490293
159.8 0.029101871576301057
160.0 0.028906118032721063
160.20000000000002 0.0287116363620345
160.4 0.028518418723925392
160.60000000000002 0.02832645732227067
160.8 0.02813574440493378
161.0 0.027946272263558485
161.20000000000002 0.027758033233363556
161.4 0.02757101969293767
161.60000000000002 0.027385224064034888
161.8 0.02720063881137077
162.0 0.027017256442418643
162.20000000000002 0.026835069507206873
162.4 0.026654070598116256
162.60000000000002 0.02647425234967811
162.8 0.026295607438372972
163.0 0.02611812858242954
163.20000000000002 0.025941808541624426
163.4 0.02576664011708248
163.60000000000002 0.02559261615107736
163.8 0.025419729526832944
164.0 0.02524797316832516
164.20000000000002 0.025077340040084325
164.4 0.024907823146998326
164.60000000000002 0.024739415534115936
164.8 0.024572110286451048
165.0 0.02440590052878735
165.20000000000002 0.02424077942548348
165.4 0.02407674018027906
165.60000000000002 0.023913776036100905
165.8 0.023751880274870157
166.0 0.02359104621730984
166.20000000000002 0.023431267222752964
166.4 0.02327253668895147
166.60000000000002 0.023114848051885423
166.8 0.02295819478557309
167.0 0.022802570401881474
167.20000000000002 0.02264796845033742
167.4 0.022494382517939577
167.60000000000002 0.022341806228970584
167.8 0.02219023324481018
168.0 0.02203965726374881
168.20000000000002 0.02189007202080176
168.4 0.02174147128752417
168.60000000000002 0.021593848871826336
168.8 0.021447198617789875
169.0 0.021301514405484424
169.20000000000002 0.021156790150784886
169.4 0.02101301980518959
169.60000000000002 0.020870197355638602
169.8 0.0207283168243332
170.0 0.020587372268555542
170.20000000000002 0.020447357780489176
170.4 0.02030826748704026
170.60000000000002 0.020170095549659116
170.8 0.02003283616416282
171.0 0.019896483560558075
171.20000000000002 0.019761032002864866
171.4 0.019626475788940913
171.60000000000002 0.019492809250306373
171.8 0.019360026751969652
172.0 0.019228122692253484
172.20000000000002 0.019097091502621774
172.4 0.018966927647507268
172.60000000000002 0.01883762562413949
172.8 0.018709179962373746
173.0 0.018581585224520438
173.20000000000002 0.018454836005175144
173.4 0.0183289269310495
173.60000000000002 0.018203852660802388
173.8 0.018079607884872152
174.0 0.017956187325309174
174.20000000000002 0.017833585735609173
174.4 0.01771179790054735
174.60000000000002 0.017590818636012792
174.8 0.017470642788843967
175.0 0.01735126523666451
175.20000000000002 0.017232680887719804
175.4 0.017114884680714336
175.60000000000002 0.016997871584649393
175.8 0.016881636598661768
176.0 0.01676617475186277
176.20000000000002 0.016651481103178174
176.4 0.016537550741188678
176.60000000000002 0.01642437878397093
176.8 0.016311960378939467
177.0 0.016200290702688958
177.20000000000002 0.01608936496083742
177.4 0.015979178387869893
177.60000000000002 0.015869726246982727
177.8 0.015761003829928767
178.0 0.015653006456862822
178.20000000000002 0.015545729476188104
178.4 0.01543916826440318
178.60000000000002 0.015333318225949457
178.8 0.015228174793059596
179.0 0.015123733425606233
179.20000000000002 0.015019989610951622
179.4 0.014916938863797812
179.60000000000002 0.014814576726037356
179.8 0.014712898766604933
180.0 0.014611900581329286
180.20000000000002 0.014511577792786067
180.4 0.014411926050151225
180.60000000000002 0.014312941029054907
180.8 0.014214618431436286
181.0 0.014116953985398674
181.20000000000002 0.01401994344506558
181.4 0.013923582590437255
181.60000000000002 0.013827867227247789
181.8 0.013732793186823102
182.0 0.013638356325939242
182.20000000000002 0.013544552526681592
182.4 0.013451377696304544
182.60000000000002 0.013358827767091847
182.8 0.013266898696217633
183.0 0.013175586465607927
183.20000000000002 0.013084887081802967
183.4 0.012994796575820018
183.60000000000002 0.012905311003016836
183.8 0.012816426442955829
184.0 0.012728138999268666
184.20000000000002 0.012640444799521717
184.4 0.012553339995081956
184.60000000000002 0.012466820760983537
184.8 0.01238088329579503
185.0 0.012295523821487112
185.20000000000002 0.012210738583301099
185.4 0.0121265238496179
185.60000000000002 0.012042875911827674
185.8 0.011959791084200092
186.0 0.011877265703755122
186.20000000000002 0.011795296130134553
186.4 0.011713878745474027
186.60000000000002 0.011633009954275686
186.8 0.011552686183281488
187.0 0.011472903881346985
187.20000000000002 0.011393659519315856
187.4 0.01131494958989494
187.60000000000002 0.011236770607529869
187.8 0.011159119108281379
188.0 0.01108199164970205
188.20000000000002 0.011005384810713788
188.4 0.010929295191485885
188.60000000000002 0.010853719413313541
188.8 0.010778654118497103
189.0 0.010704095970221832
189.20000000000002 0.010630041652438227
189.4 0.010556487869743033
189.60000000000002 0.01048343134726068
189.8 0.01041086883052542
190.0 0.010338797085363992
190.20000000000002 0.01026721289777883
190.4 0.010196113073831945
190.60000000000002 0.010125494439529249
190.8 0.010055353840705532
191.0 0.009985688142910001
191.20000000000002 0.00991649423129231
191.4 0.009847769010489303
191.60000000000002 0.009779509404512143
191.8 0.009711712356634122
192.0 0.009644374829278997
192.20000000000002 0.009577493803909836
192.4 0.009511066280918537
192.60000000000002 0.009445089279515748
192.8 0.009379559837621454
193.0 0.009314475011756071
193.20000000000002 0.009249831876932057
193.4 0.009185627526546164
193.60000000000002 0.009121859072272118
193.8 0.00905852364395391
194.0 0.008995618389499629
194.20000000000002 0.008933140474775775
194.4 0.008871087083502224
194.60000000000002 0.00880945541714756
194.8 0.00874824269482513
195.0 0.008687446153189464
195.20000000000002 0.008627063046333311
195.4 0.008567090645685227
195.60000000000002 0.008507526239907574
195.8 0.008448367134795201
196.0 0.008389610653174498
196.20000000000002 0.008331254134803038
196.4 0.0082732949362698
196.60000000000002 0.008215730430895732
196.8 0.008158558008635053
197.0 0.008101775075976871
197.20000000000002 0.008045379055847405
197.4 0.007989367387512759
197.60000000000002 0.007933737526482056
197.8 0.007878486944411258
198.0 0.007823613129007338
198.20000000000002 0.0077691135839330185
198.4 0.0077149858287120605
198.60000000000002 0.007661227398634899
198.8 0.007607835844664967
199.0 0.007554808733345347
199.20000000000002 0.007502143646705984
199.4 0.007449838182171444
199.60000000000002 0.007397889952469015
199.8 0.007346296585537461
